Frequency (Hz)	Level (dB)
43.066406	-41.004822
86.132812	-37.565197
129.199219	-38.135563
172.265625	-33.101063
215.332031	-27.194887
258.398438	-24.949562
301.464844	-34.025177
344.531250	-42.351044
387.597656	-46.527733
430.664062	-39.447998
473.730469	-25.784008
516.796875	-25.592451
559.863281	-38.913265
602.929688	-50.172642
645.996094	-52.232517
689.062500	-32.490810
732.128906	-22.700674
775.195312	-25.342718
818.261719	-44.478622
861.328125	-56.241119
904.394531	-57.409958
947.460938	-38.184219
990.527344	-31.755371
1033.593750	-37.087486
1076.660156	-50.470173
1119.726562	-53.393486
1162.792969	-53.886105
1205.859375	-40.499657
1248.925781	-37.284019
1291.992188	-46.243191
1335.058594	-62.006348
1378.125000	-59.719028
1421.191406	-57.471031
1464.257812	-48.481026
1507.324219	-48.246452
1550.390625	-58.544628
1593.457031	-61.703613
1636.523438	-60.801201
1679.589844	-45.834320
1722.656250	-35.279392
1765.722656	-37.398125
1808.789062	-55.004051
1851.855469	-62.149853
1894.921875	-65.565628
1937.988281	-50.168293
1981.054688	-42.720230
2024.121094	-47.294250
2067.187500	-65.560661
2110.253906	-66.322678
2153.320312	-66.738472
2196.386719	-50.936283
2239.453125	-46.661476
2282.519531	-53.841770
2325.585938	-64.656006
2368.652344	-67.560181
2411.718750	-65.615181
2454.785156	-52.613289
2497.851562	-50.928120
2540.917969	-60.583858
2583.984375	-65.137543
2627.050781	-64.777122
2670.117188	-62.766903
2713.183594	-52.325848
2756.250000	-52.552212
2799.316406	-62.868088
2842.382812	-67.644234
2885.449219	-67.577187
2928.515625	-60.681583
2971.582031	-51.458981
3014.648438	-53.885250
3057.714844	-68.386681
3100.781250	-69.734283
3143.847656	-69.200676
3186.914062	-54.297932
3229.980469	-48.791225
3273.046875	-54.667168
3316.113281	-70.465309
3359.179688	-67.724388
3402.246094	-67.657616
3445.312500	-63.373276
3488.378906	-59.285175
3531.445312	-65.138351
3574.511719	-69.096306
3617.578125	-67.051285
3660.644531	-58.178799
3703.710938	-46.268978
3746.777344	-46.768913
3789.843750	-60.401714
3832.910156	-71.998009
3875.976562	-71.263435
3919.042969	-68.214417
3962.109375	-54.462906
4005.175781	-53.082787
4048.242188	-63.095951
4091.308594	-68.828705
4134.375000	-69.463646
4177.441406	-64.436150
4220.507812	-52.667362
4263.574219	-52.813831
4306.640625	-65.785515
4349.707031	-72.018044
4392.773438	-72.037125
4435.839844	-68.724106
4478.906250	-61.593372
4521.972656	-63.750530
4565.039062	-72.105598
4608.105469	-72.991257
4651.171875	-71.445602
4694.238281	-72.359749
4737.304688	-70.414055
4780.371094	-70.692757
4823.437500	-71.385124
4866.503906	-71.899078
4909.570312	-71.864380
4952.636719	-69.355583
4995.703125	-63.963505
5038.769531	-67.633507
5081.835938	-73.703880
5124.902344	-73.236794
5167.968750	-71.655045
5211.035156	-66.942749
5254.101562	-62.254349
5297.167969	-67.194031
5340.234375	-72.859238
5383.300781	-73.447830
5426.367188	-71.908226
5469.433594	-68.412071
5512.500000	-64.775887
5555.566406	-70.231644
5598.632812	-73.264442
5641.699219	-72.697273
5684.765625	-73.539261
5727.832031	-72.323059
5770.898438	-70.148827
5813.964844	-72.729225
5857.031250	-74.941765
5900.097656	-75.483986
5943.164062	-73.013321
5986.230469	-69.601303
6029.296875	-66.735100
6072.363281	-70.264153
6115.429688	-74.594803
6158.496094	-75.475174
6201.562500	-75.609436
6244.628906	-68.705742
6287.695312	-65.500381
6330.761719	-71.853119
6373.828125	-75.507607
6416.894531	-74.814972
6459.960938	-72.610939
6503.027344	-56.148312
6546.093750	-52.032257
6589.160156	-59.598484
6632.226562	-75.594803
6675.292969	-74.071152
6718.359375	-72.333626
6761.425781	-63.635303
6804.492188	-60.629143
6847.558594	-67.886154
6890.625000	-74.900261
6933.691406	-73.337402
6976.757812	-70.896408
7019.824219	-69.197388
7062.890625	-66.445137
7105.957031	-70.544777
7149.023438	-75.126259
7192.089844	-74.535454
7235.156250	-71.750435
7278.222656	-70.830208
7321.289062	-66.712563
7364.355469	-69.332695
7407.421875	-71.332222
7450.488281	-70.991959
7493.554688	-72.864578
7536.621094	-69.162643
7579.687500	-66.107857
7622.753906	-70.374977
7665.820312	-72.723274
7708.886719	-72.121933
7751.953125	-75.385979
7795.019531	-65.086945
7838.085938	-57.455009
7881.152344	-61.110638
7924.218750	-74.827583
7967.285156	-73.305954
8010.351562	-72.989410
8053.417969	-72.286667
8096.484375	-68.019157
8139.550781	-69.764038
8182.617188	-75.370026
8225.683594	-75.750038
8268.750000	-75.295303
8311.816406	-73.533821
8354.882812	-67.550522
8397.949219	-67.674179
8441.015625	-73.282356
8484.082031	-74.420746
8527.148438	-72.261971
8570.214844	-73.518814
8613.281250	-71.649323
8656.347656	-71.070137
8699.414062	-73.667244
8742.480469	-75.630669
8785.546875	-73.398743
8828.613281	-73.931870
8871.679688	-64.879128
8914.746094	-62.877663
8957.812500	-71.038773
9000.878906	-74.765175
9043.945312	-75.733704
9087.011719	-75.305252
9130.078125	-70.221535
9173.144531	-66.718773
9216.210938	-72.232208
9259.277344	-74.163734
9302.343750	-74.024284
9345.410156	-74.388695
9388.476562	-74.270668
9431.542969	-71.317871
9474.609375	-71.300362
9517.675781	-72.699738
9560.742188	-74.490715
9603.808594	-74.456833
9646.875000	-76.261955
9689.941406	-74.186905
9733.007812	-72.726440
9776.074219	-73.420090
9819.140625	-72.487755
9862.207031	-73.870476
9905.273438	-75.314430
9948.339844	-72.866310
9991.406250	-71.348869
10034.472656	-74.254669
10077.539062	-76.054886
10120.605469	-76.404640
10163.671875	-75.824387
10206.738281	-74.833931
10249.804688	-71.167206
10292.871094	-72.997223
10335.937500	-75.128410
10379.003906	-75.171700
10422.070312	-75.789330
10465.136719	-72.225052
10508.203125	-59.709400
10551.269531	-59.257240
10594.335938	-70.367332
10637.402344	-75.820961
10680.468750	-73.463684
10723.535156	-73.617043
10766.601562	-66.661720
10809.667969	-61.358616
10852.734375	-64.072014
10895.800781	-70.858597
10938.867188	-74.008583
10981.933594	-73.050720
11025.000000	-71.898514
11068.066406	-67.418282
11111.132812	-68.641357
11154.199219	-75.496071
11197.265625	-75.219254
11240.332031	-74.448021
11283.398438	-73.888390
11326.464844	-61.214355
11369.531250	-58.361061
11412.597656	-66.890694
11455.664062	-74.129227
11498.730469	-73.572495
11541.796875	-71.088318
11584.863281	-58.280655
11627.929688	-49.936066
11670.996094	-53.353168
11714.062500	-71.952103
11757.128906	-76.378532
11800.195312	-74.473305
11843.261719	-72.374237
11886.328125	-66.418793
11929.394531	-63.829308
11972.460938	-70.399956
12015.527344	-73.216080
12058.593750	-76.490349
12101.660156	-73.881157
12144.726562	-61.200603
12187.792969	-52.752048
12230.859375	-55.473339
12273.925781	-69.239639
12316.992188	-75.204071
12360.058594	-71.707626
12403.125000	-72.761742
12446.191406	-68.420036
12489.257812	-66.734581
12532.324219	-72.189301
12575.390625	-74.186279
12618.457031	-74.213806
12661.523438	-75.441795
12704.589844	-66.282875
12747.656250	-56.034492
12790.722656	-57.118744
12833.789062	-68.611549
12876.855469	-75.093262
12919.921875	-74.000992
12962.988281	-70.261009
13006.054688	-56.906158
13049.121094	-52.651367
13092.187500	-58.986309
13135.253906	-72.004669
13178.320312	-75.574516
13221.386719	-72.308853
13264.453125	-65.751511
13307.519531	-49.589462
13350.585938	-47.061859
13393.652344	-55.438652
13436.718750	-69.506889
13479.785156	-71.692581
13522.851562	-70.449715
13565.917969	-65.158928
13608.984375	-52.404617
13652.050781	-52.771851
13695.117188	-66.166420
13738.183594	-71.194359
13781.250000	-73.055130
13824.316406	-72.172813
13867.382812	-64.787277
13910.449219	-59.568325
13953.515625	-64.790222
13996.582031	-74.486328
14039.648438	-74.715881
14082.714844	-70.301834
14125.781250	-65.969116
14168.847656	-62.345993
14211.914062	-57.628513
14254.980469	-65.195930
14298.046875	-69.760437
14341.113281	-68.713402
14384.179688	-68.853706
14427.246094	-63.633057
14470.312500	-52.481983
14513.378906	-52.545681
14556.445312	-61.679333
14599.511719	-60.234127
14642.578125	-53.138412
14685.644531	-56.544422
14728.710938	-66.672012
14771.777344	-59.231544
14814.843750	-59.638523
14857.910156	-66.708298
14900.976562	-71.075279
14944.042969	-72.966087
14987.109375	-72.860893
15030.175781	-65.163643
15073.242188	-54.162724
15116.308594	-54.445484
15159.375000	-64.524811
15202.441406	-67.532661
15245.507812	-69.799599
15288.574219	-68.794983
15331.640625	-66.088661
15374.707031	-58.187752
15417.773438	-60.600433
15460.839844	-70.277695
15503.906250	-67.423531
15546.972656	-65.639587
15590.039062	-66.906250
15633.105469	-58.803123
15676.171875	-49.766705
15719.238281	-51.815014
15762.304688	-65.044678
15805.371094	-67.145302
15848.437500	-66.951744
15891.503906	-65.180824
15934.570312	-64.659599
15977.636719	-59.293667
16020.703125	-61.394444
16063.769531	-67.663185
16106.835938	-67.145332
16149.902344	-68.625496
16192.968750	-67.777023
16236.035156	-64.031555
16279.101562	-53.340458
16322.167969	-55.168945
16365.234375	-68.430267
16408.300781	-67.496628
16451.367188	-70.168312
16494.433594	-65.693268
16537.500000	-62.224098
16580.566406	-58.474892
16623.632812	-60.769962
16666.699219	-67.107597
16709.765625	-67.477539
16752.832031	-67.979820
16795.898438	-69.825127
16838.964844	-62.961784
16882.031250	-54.259319
16925.097656	-54.790215
16968.164062	-66.730087
17011.230469	-70.218369
17054.296875	-67.732330
17097.363281	-65.888451
17140.429688	-68.994202
17183.496094	-55.952061
17226.562500	-54.239353
17269.628906	-65.248894
17312.695312	-67.367928
17355.761719	-70.899559
17398.828125	-71.732407
17441.894531	-69.220284
17484.960938	-57.744228
17528.027344	-54.567822
17571.093750	-61.337444
17614.160156	-69.487846
17657.226562	-71.586884
17700.292969	-71.676987
17743.359375	-71.791885
17786.425781	-70.229431
17829.492188	-66.751511
17872.558594	-71.553772
17915.625000	-72.290634
17958.691406	-70.782478
18001.757812	-71.285156
18044.824219	-72.050926
18087.890625	-71.265266
18130.957031	-65.751808
18174.023438	-67.300842
18217.089844	-73.468185
18260.156250	-74.061028
18303.222656	-71.700813
18346.289062	-73.957626
18389.355469	-72.543564
18432.421875	-62.129936
18475.488281	-58.999439
18518.554688	-66.866463
18561.621094	-74.564560
18604.687500	-74.619339
18647.753906	-74.723099
18690.820312	-74.982292
18733.886719	-64.253906
18776.953125	-60.138885
18820.019531	-66.262062
18863.085938	-73.204025
18906.152344	-74.752434
18949.218750	-75.356422
18992.285156	-74.477440
19035.351562	-69.022400
19078.417969	-57.409584
19121.484375	-58.158791
19164.550781	-70.432388
19207.617188	-75.033997
19250.683594	-73.746696
19293.750000	-74.007477
19336.816406	-73.477325
19379.882812	-62.813065
19422.949219	-59.374115
19466.015625	-66.977188
19509.082031	-74.464821
19552.148438	-74.969376
19595.214844	-74.656212
19638.281250	-73.996086
19681.347656	-73.132973
19724.414062	-66.863106
19767.480469	-68.331589
19810.546875	-74.933777
19853.613281	-75.426224
19896.679688	-75.249985
19939.746094	-75.722466
19982.812500	-75.420227
20025.878906	-70.003555
20068.945312	-67.542961
20112.011719	-73.239082
20155.078125	-73.429474
20198.144531	-76.035004
20241.210938	-77.298790
20284.277344	-77.750702
20327.343750	-69.812607
20370.410156	-59.315125
20413.476562	-60.265156
20456.542969	-72.612106
20499.609375	-76.043777
20542.675781	-76.297539
20585.742188	-75.990654
20628.808594	-75.704834
20671.875000	-66.580757
20714.941406	-61.659481
20758.007812	-67.175896
20801.074219	-76.589859
20844.140625	-76.972893
20887.207031	-77.948776
20930.273438	-79.464073
20973.339844	-77.873123
21016.406250	-68.219841
21059.472656	-65.336533
21102.539062	-72.856476
21145.605469	-78.903595
21188.671875	-79.742195
21231.738281	-80.312614
21274.804688	-80.461220
21317.871094	-77.808685
21360.937500	-72.559891
21404.003906	-74.388115
21447.070312	-81.933182
21490.136719	-82.899902
21533.203125	-83.773422
21576.269531	-83.851601
21619.335938	-83.967133
21662.402344	-83.317009
21705.468750	-79.864632
21748.535156	-80.754868
21791.601562	-85.681534
21834.667969	-86.282257
21877.734375	-85.648018
21920.800781	-87.526062
21963.867188	-86.623833
22006.933594	-86.320663
