Frequency (Hz)	Level (dB)
43.066406	-42.081505
86.132812	-37.704323
129.199219	-35.423061
172.265625	-29.995316
215.332031	-24.170092
258.398438	-21.702955
301.464844	-30.587255
344.531250	-37.462204
387.597656	-39.876564
430.664062	-37.461411
473.730469	-26.636599
516.796875	-26.385609
559.863281	-37.104969
602.929688	-41.845985
645.996094	-43.455910
689.062500	-38.947735
732.128906	-29.897139
775.195312	-32.445744
818.261719	-46.720032
861.328125	-50.367325
904.394531	-46.019657
947.460938	-36.607014
990.527344	-30.756357
1033.593750	-35.851665
1076.660156	-46.957592
1119.726562	-46.288582
1162.792969	-48.563019
1205.859375	-34.457767
1248.925781	-30.951674
1291.992188	-38.526535
1335.058594	-45.892475
1378.125000	-45.655991
1421.191406	-45.384468
1464.257812	-43.271023
1507.324219	-42.437519
1550.390625	-43.358555
1593.457031	-42.639900
1636.523438	-43.406311
1679.589844	-43.984932
1722.656250	-43.104847
1765.722656	-43.659874
1808.789062	-44.051876
1851.855469	-46.003105
1894.921875	-47.711510
1937.988281	-47.076859
1981.054688	-42.913677
2024.121094	-46.278938
2067.187500	-49.448765
2110.253906	-47.883904
2153.320312	-47.579525
2196.386719	-43.865166
2239.453125	-40.712875
2282.519531	-44.805107
2325.585938	-47.610279
2368.652344	-46.674751
2411.718750	-49.598495
2454.785156	-48.216755
2497.851562	-46.655609
2540.917969	-47.732670
2583.984375	-47.352665
2627.050781	-47.256218
2670.117188	-48.459576
2713.183594	-46.296463
2756.250000	-46.147137
2799.316406	-46.482491
2842.382812	-46.923634
2885.449219	-47.992905
2928.515625	-48.718075
2971.582031	-46.877468
3014.648438	-48.894199
3057.714844	-51.499805
3100.781250	-50.094280
3143.847656	-48.950310
3186.914062	-49.168198
3229.980469	-48.475704
3273.046875	-49.142826
3316.113281	-51.266155
3359.179688	-51.346283
3402.246094	-51.515953
3445.312500	-50.145584
3488.378906	-50.419930
3531.445312	-49.740829
3574.511719	-51.303974
3617.578125	-51.743610
3660.644531	-52.471546
3703.710938	-52.447060
3746.777344	-50.735840
3789.843750	-53.013664
3832.910156	-54.059246
3875.976562	-53.298676
3919.042969	-54.152843
3962.109375	-53.611618
4005.175781	-54.104652
4048.242188	-55.178341
4091.308594	-54.719044
4134.375000	-54.949440
4177.441406	-54.407459
4220.507812	-53.769665
4263.574219	-54.155479
4306.640625	-52.799015
4349.707031	-53.750118
4392.773438	-53.330669
4435.839844	-53.675133
4478.906250	-55.888966
4521.972656	-56.804138
4565.039062	-56.727634
4608.105469	-57.367844
4651.171875	-57.053825
4694.238281	-58.053154
4737.304688	-56.057365
4780.371094	-57.056019
4823.437500	-59.339417
4866.503906	-57.517689
4909.570312	-58.091393
4952.636719	-55.503716
4995.703125	-53.278931
5038.769531	-55.457664
5081.835938	-57.209103
5124.902344	-57.736874
5167.968750	-58.097870
5211.035156	-58.427151
5254.101562	-55.588158
5297.167969	-55.741203
5340.234375	-57.899975
5383.300781	-57.353508
5426.367188	-59.165989
5469.433594	-57.998344
5512.500000	-57.208363
5555.566406	-60.325119
5598.632812	-59.409634
5641.699219	-60.395172
5684.765625	-60.277069
5727.832031	-59.825371
5770.898438	-56.639835
5813.964844	-57.150478
5857.031250	-57.395744
5900.097656	-56.981785
5943.164062	-56.185696
5986.230469	-56.501884
6029.296875	-55.938557
6072.363281	-59.141327
6115.429688	-59.875725
6158.496094	-61.732502
6201.562500	-60.733410
6244.628906	-60.260990
6287.695312	-59.558407
6330.761719	-59.690693
6373.828125	-62.455250
6416.894531	-63.124081
6459.960938	-64.153526
6503.027344	-62.669624
6546.093750	-60.979218
6589.160156	-63.172939
6632.226562	-61.344498
6675.292969	-62.119438
6718.359375	-63.289982
6761.425781	-62.958923
6804.492188	-60.030598
6847.558594	-61.869354
6890.625000	-59.512745
6933.691406	-62.174412
6976.757812	-63.256176
7019.824219	-62.259197
7062.890625	-62.980816
7105.957031	-65.768059
7149.023438	-65.903381
7192.089844	-65.883598
7235.156250	-64.251999
7278.222656	-62.234509
7321.289062	-63.216118
7364.355469	-63.208950
7407.421875	-63.299320
7450.488281	-61.532158
7493.554688	-62.559193
7536.621094	-62.795532
7579.687500	-57.618439
7622.753906	-61.470894
7665.820312	-67.391777
7708.886719	-66.887589
7751.953125	-66.319534
7795.019531	-65.834335
7838.085938	-62.716209
7881.152344	-63.669899
7924.218750	-61.556858
7967.285156	-62.460434
8010.351562	-65.038879
8053.417969	-65.356506
8096.484375	-64.744041
8139.550781	-65.147255
8182.617188	-67.570404
8225.683594	-69.282059
8268.750000	-67.187317
8311.816406	-68.025330
8354.882812	-66.378952
8397.949219	-67.103050
8441.015625	-67.964821
8484.082031	-68.739395
8527.148438	-68.708702
8570.214844	-65.514656
8613.281250	-53.180470
8656.347656	-51.998859
8699.414062	-62.876362
8742.480469	-69.944138
8785.546875	-70.822517
8828.613281	-71.378616
8871.679688	-63.403713
8914.746094	-59.848129
8957.812500	-66.125435
9000.878906	-74.075470
9043.945312	-71.853065
9087.011719	-72.110664
9130.078125	-71.429527
9173.144531	-70.137032
9216.210938	-72.280487
9259.277344	-73.732025
9302.343750	-72.654640
9345.410156	-72.342567
9388.476562	-69.468979
9431.542969	-62.570309
9474.609375	-64.398979
9517.675781	-70.806160
9560.742188	-71.330032
9603.808594	-71.818443
9646.875000	-70.402924
9689.941406	-63.625225
9733.007812	-63.570511
9776.074219	-70.476036
9819.140625	-73.881691
9862.207031	-74.620476
9905.273438	-70.326683
9948.339844	-54.284447
9991.406250	-50.210758
10034.472656	-57.085781
10077.539062	-67.906090
10120.605469	-70.070557
10163.671875	-72.022224
10206.738281	-67.698097
10249.804688	-61.739120
10292.871094	-65.837837
10335.937500	-74.113701
10379.003906	-75.053719
10422.070312	-74.790367
10465.136719	-64.793762
10508.203125	-52.943672
10551.269531	-52.880020
10594.335938	-65.073959
10637.402344	-72.480392
10680.468750	-70.654549
10723.535156	-66.461479
10766.601562	-56.000965
10809.667969	-51.323738
10852.734375	-55.071060
10895.800781	-62.308395
10938.867188	-65.827362
10981.933594	-68.824272
11025.000000	-69.107010
11068.066406	-67.884529
11111.132812	-69.882820
11154.199219	-73.508934
11197.265625	-74.995819
11240.332031	-74.066971
11283.398438	-71.060280
11326.464844	-64.638046
11369.531250	-62.461872
11412.597656	-70.136810
11455.664062	-76.789612
11498.730469	-75.835228
11541.796875	-72.621994
11584.863281	-57.113132
11627.929688	-48.995335
11670.996094	-52.076305
11714.062500	-69.532951
11757.128906	-73.316605
11800.195312	-72.584373
11843.261719	-66.668541
11886.328125	-49.710423
11929.394531	-46.877850
11972.460938	-55.352352
12015.527344	-68.523384
12058.593750	-69.943764
12101.660156	-71.967140
12144.726562	-69.933327
12187.792969	-67.876854
12230.859375	-70.094070
12273.925781	-72.914551
12316.992188	-75.203476
12360.058594	-74.761642
12403.125000	-68.989235
12446.191406	-55.961174
12489.257812	-52.308018
12532.324219	-59.425831
12575.390625	-75.106361
12618.457031	-73.012611
12661.523438	-72.756927
12704.589844	-66.084229
12747.656250	-54.392269
12790.722656	-54.756432
12833.789062	-67.181969
12876.855469	-72.531021
12919.921875	-74.705467
12962.988281	-74.569939
13006.054688	-68.054070
13049.121094	-62.135670
13092.187500	-65.906822
13135.253906	-72.707443
13178.320312	-73.832695
13221.386719	-72.646660
13264.453125	-72.707199
13307.519531	-67.840897
13350.585938	-66.796555
13393.652344	-72.447998
13436.718750	-74.046410
13479.785156	-72.849434
13522.851562	-71.909058
13565.917969	-63.448837
13608.984375	-52.644741
13652.050781	-52.717110
13695.117188	-63.069138
13738.183594	-72.078102
13781.250000	-73.616386
13824.316406	-72.743675
13867.382812	-57.483944
13910.449219	-50.925430
13953.515625	-55.421085
13996.582031	-69.784378
14039.648438	-72.432419
14082.714844	-72.795891
14125.781250	-70.479416
14168.847656	-60.263996
14211.914062	-55.424286
14254.980469	-58.863396
14298.046875	-64.217110
14341.113281	-67.168785
14384.179688	-71.610451
14427.246094	-68.170883
14470.312500	-62.372631
14513.378906	-60.830597
14556.445312	-67.289764
14599.511719	-64.498795
14642.578125	-63.755657
14685.644531	-66.109459
14728.710938	-62.090851
14771.777344	-53.860874
14814.843750	-53.474182
14857.910156	-62.865578
14900.976562	-70.111153
14944.042969	-69.150490
14987.109375	-67.906097
15030.175781	-60.399799
15073.242188	-47.763718
15116.308594	-46.850159
15159.375000	-56.187050
15202.441406	-66.331978
15245.507812	-69.252747
15288.574219	-68.348465
15331.640625	-60.816654
15374.707031	-52.379845
15417.773438	-53.219772
15460.839844	-63.880596
15503.906250	-66.275436
15546.972656	-68.682533
15590.039062	-66.586922
15633.105469	-62.508465
15676.171875	-57.369366
15719.238281	-58.980461
15762.304688	-67.535370
15805.371094	-68.414383
15848.437500	-68.289162
15891.503906	-68.304176
15934.570312	-65.112396
15977.636719	-58.408886
16020.703125	-60.458122
16063.769531	-68.913857
16106.835938	-70.331856
16149.902344	-70.538918
16192.968750	-69.133102
16236.035156	-66.133087
16279.101562	-56.057816
16322.167969	-56.493637
16365.234375	-64.444336
16408.300781	-65.535454
16451.367188	-66.549294
16494.433594	-66.488411
16537.500000	-63.400711
16580.566406	-56.250675
16623.632812	-58.170803
16666.699219	-65.304085
16709.765625	-69.270157
16752.832031	-69.627296
16795.898438	-66.613937
16838.964844	-62.421139
16882.031250	-55.652554
16925.097656	-54.684742
16968.164062	-61.042797
17011.230469	-66.843117
17054.296875	-69.644096
17097.363281	-71.821594
17140.429688	-70.327179
17183.496094	-62.548695
17226.562500	-60.205921
17269.628906	-62.058491
17312.695312	-65.435547
17355.761719	-68.809319
17398.828125	-68.859253
17441.894531	-69.356453
17484.960938	-68.787643
17528.027344	-68.415375
17571.093750	-70.386749
17614.160156	-71.860191
17657.226562	-70.268982
17700.292969	-66.615021
17743.359375	-60.637524
17786.425781	-52.138821
17829.492188	-48.045383
17872.558594	-51.144321
17915.625000	-58.001202
17958.691406	-63.107994
18001.757812	-69.781235
18044.824219	-70.021378
18087.890625	-59.127338
18130.957031	-48.770519
18174.023438	-49.657246
18217.089844	-60.599804
18260.156250	-67.752571
18303.222656	-69.512276
18346.289062	-70.614594
18389.355469	-71.667908
18432.421875	-64.347641
18475.488281	-62.229198
18518.554688	-65.526207
18561.621094	-68.602112
18604.687500	-69.378456
18647.753906	-65.557861
18690.820312	-66.151627
18733.886719	-67.840912
18776.953125	-63.901066
18820.019531	-64.702690
18863.085938	-67.918205
18906.152344	-70.008385
18949.218750	-69.141739
18992.285156	-66.170372
19035.351562	-61.369041
19078.417969	-54.745701
19121.484375	-54.367546
19164.550781	-62.545452
19207.617188	-72.494942
19250.683594	-74.324532
19293.750000	-74.310173
19336.816406	-73.348160
19379.882812	-63.817039
19422.949219	-59.361568
19466.015625	-64.459511
19509.082031	-74.389168
19552.148438	-73.518379
19595.214844	-72.670837
19638.281250	-73.944229
19681.347656	-72.981445
19724.414062	-66.481682
19767.480469	-66.589310
19810.546875	-72.781631
19853.613281	-75.397919
19896.679688	-74.623344
19939.746094	-72.848030
19982.812500	-69.450333
20025.878906	-61.053349
20068.945312	-58.299908
20112.011719	-63.386196
20155.078125	-71.377586
20198.144531	-75.993759
20241.210938	-75.601372
20284.277344	-75.252350
20327.343750	-75.632996
20370.410156	-70.438995
20413.476562	-70.367477
20456.542969	-75.898972
20499.609375	-77.380676
20542.675781	-77.030388
20585.742188	-77.166328
20628.808594	-77.819733
20671.875000	-74.973915
20714.941406	-70.188065
20758.007812	-73.578506
20801.074219	-78.156326
20844.140625	-78.400558
20887.207031	-77.893814
20930.273438	-77.764580
20973.339844	-75.868042
21016.406250	-68.675346
21059.472656	-66.221649
21102.539062	-72.049431
21145.605469	-79.530159
21188.671875	-80.680748
21231.738281	-78.456856
21274.804688	-78.356758
21317.871094	-79.160706
21360.937500	-75.904022
21404.003906	-76.311531
21447.070312	-80.254173
21490.136719	-82.631065
21533.203125	-84.062141
21576.269531	-83.463921
21619.335938	-83.123444
21662.402344	-82.346069
21705.468750	-77.192284
21748.535156	-78.718987
21791.601562	-86.807281
21834.667969	-87.026909
21877.734375	-87.017426
21920.800781	-85.743629
21963.867188	-83.712730
22006.933594	-79.600037
