Frequency (Hz)	Level (dB)
43.066406	-40.277740
86.132812	-34.769306
129.199219	-27.595427
172.265625	-12.875541
215.332031	-12.135894
258.398438	-24.654135
301.464844	-40.919670
344.531250	-28.157318
387.597656	-20.704748
430.664062	-25.031519
473.730469	-42.518707
516.796875	-50.294643
559.863281	-34.524723
602.929688	-32.369888
645.996094	-42.698475
689.062500	-58.122086
732.128906	-46.784916
775.195312	-37.469028
818.261719	-40.538361
861.328125	-57.632778
904.394531	-58.659023
947.460938	-53.504665
990.527344	-51.420509
1033.593750	-57.583675
1076.660156	-56.110260
1119.726562	-47.022221
1162.792969	-35.444626
1205.859375	-36.838451
1248.925781	-52.217983
1291.992188	-60.369595
1335.058594	-41.635155
1378.125000	-36.573120
1421.191406	-43.447964
1464.257812	-64.222198
1507.324219	-62.489960
1550.390625	-51.898609
1593.457031	-51.821892
1636.523438	-59.218292
1679.589844	-62.531738
1722.656250	-65.619987
1765.722656	-62.974045
1808.789062	-63.806473
1851.855469	-64.263191
1894.921875	-67.021729
1937.988281	-63.540520
1981.054688	-62.457722
2024.121094	-66.128662
2067.187500	-67.321266
2110.253906	-63.975964
2153.320312	-58.137802
2196.386719	-60.767288
2239.453125	-67.249748
2282.519531	-66.650635
2325.585938	-58.501808
2368.652344	-55.482067
2411.718750	-62.893970
2454.785156	-67.523949
2497.851562	-65.983810
2540.917969	-65.475700
2583.984375	-67.098602
2627.050781	-64.421173
2670.117188	-65.290749
2713.183594	-66.639236
2756.250000	-65.702972
2799.316406	-67.778198
2842.382812	-67.985703
2885.449219	-68.580978
2928.515625	-63.181240
2971.582031	-62.486061
3014.648438	-68.523041
3057.714844	-69.604614
3100.781250	-66.767899
3143.847656	-62.157021
3186.914062	-64.960861
3229.980469	-68.777977
3273.046875	-70.342003
3316.113281	-66.743591
3359.179688	-65.653587
3402.246094	-69.529327
3445.312500	-70.933777
3488.378906	-70.546791
3531.445312	-67.779961
3574.511719	-68.166580
3617.578125	-71.205276
3660.644531	-71.571922
3703.710938	-70.596802
3746.777344	-68.478149
3789.843750	-71.159325
3832.910156	-72.652962
3875.976562	-72.027420
3919.042969	-67.253197
3962.109375	-66.106590
4005.175781	-70.322380
4048.242188	-71.697922
4091.308594	-70.456871
4134.375000	-66.691147
4177.441406	-68.929474
4220.507812	-71.409454
4263.574219	-73.263618
4306.640625	-66.453629
4349.707031	-62.761383
4392.773438	-67.787643
4435.839844	-72.483597
4478.906250	-72.788147
4521.972656	-71.523857
4565.039062	-72.278069
4608.105469	-73.700249
4651.171875	-73.540115
4694.238281	-72.152077
4737.304688	-68.518570
4780.371094	-70.981148
4823.437500	-73.420883
4866.503906	-72.621437
4909.570312	-67.104019
4952.636719	-64.868690
4995.703125	-70.428551
5038.769531	-73.325066
5081.835938	-71.995270
5124.902344	-65.637222
5167.968750	-66.547035
5211.035156	-72.426613
5254.101562	-73.024673
5297.167969	-72.820518
5340.234375	-72.151726
5383.300781	-72.647903
5426.367188	-72.942490
5469.433594	-73.716461
5512.500000	-72.215340
5555.566406	-71.657234
5598.632812	-74.379959
5641.699219	-74.566978
5684.765625	-73.483208
5727.832031	-72.032013
5770.898438	-72.679245
5813.964844	-74.373474
5857.031250	-74.733696
5900.097656	-71.072639
5943.164062	-66.215469
5986.230469	-70.143684
6029.296875	-74.752892
6072.363281	-74.434883
6115.429688	-73.733894
6158.496094	-72.482079
6201.562500	-75.129646
6244.628906	-74.870163
6287.695312	-74.759872
6330.761719	-74.316170
6373.828125	-74.391006
6416.894531	-75.257935
6459.960938	-74.815018
6503.027344	-73.786636
6546.093750	-73.494331
6589.160156	-75.142906
6632.226562	-75.634850
6675.292969	-74.722206
6718.359375	-72.189568
6761.425781	-70.486443
6804.492188	-73.261902
6847.558594	-74.043190
6890.625000	-74.096062
6933.691406	-70.976616
6976.757812	-70.648018
7019.824219	-74.357277
7062.890625	-76.066399
7105.957031	-75.379547
7149.023438	-69.996017
7192.089844	-70.661568
7235.156250	-75.044388
7278.222656	-75.983994
7321.289062	-74.663574
7364.355469	-73.390831
7407.421875	-74.971527
7450.488281	-75.327835
7493.554688	-73.697449
7536.621094	-73.127975
7579.687500	-72.648369
7622.753906	-74.886559
7665.820312	-74.558968
7708.886719	-75.730011
7751.953125	-73.816620
7795.019531	-72.830177
7838.085938	-74.690933
7881.152344	-76.035172
7924.218750	-76.311302
7967.285156	-75.359215
8010.351562	-75.910919
8053.417969	-76.420479
8096.484375	-76.530098
8139.550781	-75.705963
8182.617188	-74.367325
8225.683594	-75.297455
8268.750000	-76.269875
8311.816406	-76.382622
8354.882812	-75.669952
8397.949219	-76.173813
8441.015625	-77.336555
8484.082031	-75.783447
8527.148438	-76.088852
8570.214844	-73.804642
8613.281250	-72.522430
8656.347656	-74.130684
8699.414062	-75.169205
8742.480469	-75.433548
8785.546875	-74.436401
8828.613281	-74.838234
8871.679688	-76.571091
8914.746094	-76.348534
8957.812500	-75.730095
9000.878906	-76.192993
9043.945312	-76.016884
9087.011719	-75.773575
9130.078125	-75.516518
9173.144531	-76.254990
9216.210938	-75.775368
9259.277344	-75.235252
9302.343750	-77.358551
9345.410156	-76.188675
9388.476562	-75.056168
9431.542969	-74.574112
9474.609375	-75.481720
9517.675781	-76.257362
9560.742188	-77.890106
9603.808594	-76.415283
9646.875000	-74.331055
9689.941406	-75.438766
9733.007812	-75.654762
9776.074219	-75.416809
9819.140625	-73.612434
9862.207031	-74.108116
9905.273438	-76.605492
9948.339844	-76.045380
9991.406250	-76.533211
10034.472656	-76.882187
10077.539062	-76.486511
10120.605469	-77.408722
10163.671875	-77.163765
10206.738281	-76.619026
10249.804688	-76.752007
10292.871094	-76.042160
10335.937500	-76.109215
10379.003906	-76.065453
10422.070312	-76.847450
10465.136719	-75.940849
10508.203125	-75.878593
10551.269531	-76.350464
10594.335938	-76.667580
10637.402344	-76.420982
10680.468750	-73.635155
10723.535156	-73.396477
10766.601562	-74.887642
10809.667969	-77.378029
10852.734375	-76.379974
10895.800781	-75.512840
10938.867188	-74.802971
10981.933594	-76.276955
11025.000000	-77.170502
11068.066406	-76.154274
11111.132812	-76.255257
11154.199219	-76.430618
11197.265625	-76.534210
11240.332031	-76.944283
11283.398438	-74.894028
11326.464844	-72.414787
11369.531250	-74.685280
11412.597656	-77.034164
11455.664062	-77.104622
11498.730469	-76.578377
11541.796875	-75.426750
11584.863281	-76.998100
11627.929688	-76.087387
11670.996094	-76.093063
11714.062500	-76.112534
11757.128906	-74.615204
11800.195312	-74.923866
11843.261719	-76.199623
11886.328125	-76.296936
11929.394531	-74.822739
11972.460938	-75.157516
12015.527344	-75.571472
12058.593750	-76.450958
12101.660156	-75.576630
12144.726562	-75.565636
12187.792969	-74.834763
12230.859375	-75.029472
12273.925781	-75.048790
12316.992188	-74.321663
12360.058594	-75.076073
12403.125000	-75.098763
12446.191406	-75.777794
12489.257812	-76.577209
12532.324219	-75.908798
12575.390625	-73.323067
12618.457031	-74.415413
12661.523438	-75.124573
12704.589844	-75.557426
12747.656250	-76.794632
12790.722656	-77.018700
12833.789062	-76.111694
12876.855469	-75.341263
12919.921875	-75.759247
12962.988281	-75.851456
13006.054688	-75.196724
13049.121094	-75.465218
13092.187500	-76.142509
13135.253906	-76.058372
13178.320312	-74.409157
13221.386719	-75.104446
13264.453125	-73.066002
13307.519531	-72.725021
13350.585938	-73.593903
13393.652344	-73.424644
13436.718750	-74.589310
13479.785156	-73.971100
13522.851562	-74.223579
13565.917969	-74.600380
13608.984375	-73.983810
13652.050781	-73.711510
13695.117188	-72.643883
13738.183594	-70.618690
13781.250000	-71.812729
13824.316406	-73.747765
13867.382812	-74.620102
13910.449219	-72.695282
13953.515625	-71.034836
13996.582031	-70.744263
14039.648438	-71.782837
14082.714844	-73.605843
14125.781250	-75.243660
14168.847656	-74.225029
14211.914062	-73.550545
14254.980469	-72.183914
14298.046875	-72.058830
14341.113281	-73.579216
14384.179688	-75.328140
14427.246094	-73.885689
14470.312500	-71.941849
14513.378906	-72.277512
14556.445312	-71.412125
14599.511719	-72.491142
14642.578125	-72.534424
14685.644531	-70.072731
14728.710938	-72.330330
14771.777344	-73.496407
14814.843750	-73.765648
14857.910156	-73.115410
14900.976562	-73.767586
14944.042969	-71.812660
14987.109375	-71.245438
15030.175781	-73.610069
15073.242188	-73.181099
15116.308594	-72.885513
15159.375000	-72.265625
15202.441406	-72.490585
15245.507812	-72.723816
15288.574219	-72.861015
15331.640625	-71.097862
15374.707031	-70.788254
15417.773438	-70.708458
15460.839844	-69.664597
15503.906250	-71.260338
15546.972656	-70.905815
15590.039062	-69.892754
15633.105469	-69.696060
15676.171875	-69.385780
15719.238281	-67.184845
15762.304688	-66.639450
15805.371094	-65.464241
15848.437500	-66.655060
15891.503906	-68.144569
15934.570312	-68.560791
15977.636719	-69.446228
16020.703125	-68.717537
16063.769531	-66.542076
16106.835938	-64.924210
16149.902344	-67.842453
16192.968750	-69.147018
16236.035156	-67.715576
16279.101562	-68.088295
16322.167969	-67.554451
16365.234375	-67.497429
16408.300781	-67.610268
16451.367188	-69.579109
16494.433594	-70.045616
16537.500000	-67.782333
16580.566406	-66.870110
16623.632812	-68.753860
16666.699219	-69.166916
16709.765625	-70.047363
16752.832031	-70.420624
16795.898438	-68.444878
16838.964844	-67.698601
16882.031250	-69.180206
16925.097656	-71.644180
16968.164062	-70.620445
17011.230469	-68.340652
17054.296875	-67.694893
17097.363281	-69.030800
17140.429688	-70.862427
17183.496094	-71.624252
17226.562500	-72.097641
17269.628906	-70.464264
17312.695312	-69.927956
17355.761719	-71.928055
17398.828125	-73.972343
17441.894531	-74.076950
17484.960938	-73.090706
17528.027344	-73.028755
17571.093750	-73.254951
17614.160156	-73.802376
17657.226562	-74.163445
17700.292969	-73.503159
17743.359375	-73.179550
17786.425781	-73.450546
17829.492188	-72.869652
17872.558594	-72.806709
17915.625000	-73.999245
17958.691406	-74.835442
18001.757812	-74.416649
18044.824219	-74.011909
18087.890625	-74.020195
18130.957031	-75.297592
18174.023438	-74.386520
18217.089844	-71.716568
18260.156250	-73.838524
18303.222656	-73.021439
18346.289062	-73.721924
18389.355469	-74.244331
18432.421875	-75.125443
18475.488281	-74.521851
18518.554688	-74.299271
18561.621094	-72.489235
18604.687500	-73.291290
18647.753906	-74.903549
18690.820312	-75.219070
18733.886719	-75.125725
18776.953125	-74.428619
18820.019531	-74.744637
18863.085938	-74.501129
18906.152344	-74.207870
18949.218750	-74.104668
18992.285156	-75.201561
19035.351562	-75.617065
19078.417969	-75.259995
19121.484375	-74.837967
19164.550781	-74.405960
19207.617188	-74.855515
19250.683594	-74.957062
19293.750000	-76.041687
19336.816406	-76.242279
19379.882812	-75.222946
19422.949219	-75.694122
19466.015625	-76.918289
19509.082031	-76.525879
19552.148438	-74.786407
19595.214844	-74.469765
19638.281250	-75.507416
19681.347656	-75.890457
19724.414062	-75.564919
19767.480469	-75.865318
19810.546875	-75.993141
19853.613281	-75.787544
19896.679688	-75.363838
19939.746094	-75.853134
19982.812500	-75.721672
20025.878906	-76.161438
20068.945312	-75.933937
20112.011719	-76.244438
20155.078125	-76.361397
20198.144531	-76.138161
20241.210938	-75.732010
20284.277344	-75.936066
20327.343750	-76.849236
20370.410156	-77.485229
20413.476562	-77.326538
20456.542969	-76.952423
20499.609375	-76.461998
20542.675781	-76.759468
20585.742188	-76.493736
20628.808594	-76.442322
20671.875000	-77.045380
20714.941406	-78.025436
20758.007812	-78.001770
20801.074219	-78.253998
20844.140625	-78.213699
20887.207031	-78.853851
20930.273438	-79.814667
20973.339844	-79.349304
21016.406250	-79.733894
21059.472656	-80.492722
21102.539062	-80.684013
21145.605469	-80.673340
21188.671875	-81.468452
21231.738281	-81.482559
21274.804688	-81.941635
21317.871094	-81.607590
21360.937500	-81.720848
21404.003906	-82.097725
21447.070312	-82.855484
21490.136719	-83.167290
21533.203125	-83.836632
21576.269531	-84.618553
21619.335938	-84.035301
21662.402344	-84.590530
21705.468750	-80.629570
21748.535156	-81.327255
21791.601562	-86.602989
21834.667969	-87.087723
21877.734375	-86.727608
21920.800781	-87.200668
21963.867188	-86.388481
22006.933594	-87.172455
