Frequency (Hz)	Level (dB)
43.066406	-41.066116
86.132812	-33.716972
129.199219	-24.247768
172.265625	-10.192850
215.332031	-9.624100
258.398438	-22.114449
301.464844	-35.107243
344.531250	-26.732973
387.597656	-19.494345
430.664062	-23.831413
473.730469	-40.155361
516.796875	-42.032330
559.863281	-40.987625
602.929688	-39.603222
645.996094	-43.275978
689.062500	-45.966816
732.128906	-45.478394
775.195312	-39.284801
818.261719	-41.973125
861.328125	-50.070053
904.394531	-47.531628
947.460938	-34.664719
990.527344	-31.163368
1033.593750	-39.186172
1076.660156	-46.162086
1119.726562	-42.926922
1162.792969	-35.089504
1205.859375	-36.393055
1248.925781	-45.454342
1291.992188	-45.911076
1335.058594	-45.457844
1378.125000	-43.157612
1421.191406	-44.595509
1464.257812	-44.562092
1507.324219	-43.693829
1550.390625	-43.188335
1593.457031	-43.178459
1636.523438	-43.654861
1679.589844	-44.335346
1722.656250	-44.284355
1765.722656	-43.206631
1808.789062	-43.695950
1851.855469	-46.222546
1894.921875	-46.876541
1937.988281	-46.265789
1981.054688	-49.153217
2024.121094	-51.411831
2067.187500	-49.075176
2110.253906	-47.819290
2153.320312	-47.551598
2196.386719	-47.600922
2239.453125	-47.483543
2282.519531	-47.615192
2325.585938	-46.533607
2368.652344	-45.887722
2411.718750	-50.092457
2454.785156	-51.251629
2497.851562	-49.474422
2540.917969	-48.674419
2583.984375	-47.864807
2627.050781	-47.229748
2670.117188	-47.550373
2713.183594	-46.428387
2756.250000	-46.499077
2799.316406	-46.485092
2842.382812	-46.536007
2885.449219	-47.875969
2928.515625	-49.838226
2971.582031	-51.940895
3014.648438	-51.732365
3057.714844	-51.097237
3100.781250	-50.496052
3143.847656	-49.523491
3186.914062	-48.375153
3229.980469	-49.059425
3273.046875	-49.401340
3316.113281	-50.087105
3359.179688	-51.449776
3402.246094	-52.362270
3445.312500	-51.397301
3488.378906	-51.171894
3531.445312	-50.666962
3574.511719	-51.562199
3617.578125	-51.392418
3660.644531	-51.616192
3703.710938	-53.006947
3746.777344	-53.060493
3789.843750	-53.765667
3832.910156	-54.114590
3875.976562	-52.768379
3919.042969	-53.205524
3962.109375	-53.569675
4005.175781	-53.796738
4048.242188	-54.622574
4091.308594	-54.794773
4134.375000	-55.120914
4177.441406	-54.830074
4220.507812	-54.216160
4263.574219	-53.484306
4306.640625	-53.654598
4349.707031	-52.930630
4392.773438	-53.290966
4435.839844	-53.965240
4478.906250	-54.572464
4521.972656	-56.032509
4565.039062	-57.152885
4608.105469	-57.964447
4651.171875	-55.476048
4694.238281	-56.536255
4737.304688	-59.723797
4780.371094	-59.178699
4823.437500	-57.889465
4866.503906	-57.119453
4909.570312	-57.222000
4952.636719	-56.279827
4995.703125	-56.607128
5038.769531	-57.897793
5081.835938	-56.507469
5124.902344	-56.788715
5167.968750	-57.198429
5211.035156	-58.213081
5254.101562	-58.050098
5297.167969	-57.428825
5340.234375	-57.832043
5383.300781	-57.999847
5426.367188	-59.773571
5469.433594	-58.394371
5512.500000	-57.692116
5555.566406	-60.984882
5598.632812	-60.451649
5641.699219	-61.892357
5684.765625	-60.731422
5727.832031	-60.625481
5770.898438	-58.934479
5813.964844	-57.856384
5857.031250	-58.035526
5900.097656	-57.448925
5943.164062	-55.870831
5986.230469	-56.632011
6029.296875	-58.302124
6072.363281	-59.897755
6115.429688	-60.867516
6158.496094	-62.558102
6201.562500	-61.306084
6244.628906	-60.519863
6287.695312	-60.266674
6330.761719	-59.445831
6373.828125	-61.803349
6416.894531	-62.356392
6459.960938	-62.966068
6503.027344	-61.572441
6546.093750	-62.070354
6589.160156	-62.495148
6632.226562	-60.977528
6675.292969	-62.285580
6718.359375	-63.428997
6761.425781	-64.518623
6804.492188	-66.305252
6847.558594	-63.492100
6890.625000	-59.542343
6933.691406	-60.886814
6976.757812	-61.592018
7019.824219	-61.762665
7062.890625	-64.300423
7105.957031	-66.277992
7149.023438	-64.889404
7192.089844	-64.814430
7235.156250	-62.928642
7278.222656	-62.048641
7321.289062	-63.874065
7364.355469	-62.958813
7407.421875	-63.025059
7450.488281	-62.096020
7493.554688	-62.888466
7536.621094	-65.752174
7579.687500	-64.154289
7622.753906	-65.897438
7665.820312	-65.294220
7708.886719	-66.594025
7751.953125	-66.139359
7795.019531	-65.631187
7838.085938	-63.583229
7881.152344	-65.767746
7924.218750	-63.553303
7967.285156	-63.945820
8010.351562	-65.087418
8053.417969	-63.966850
8096.484375	-64.375954
8139.550781	-65.161888
8182.617188	-67.744873
8225.683594	-66.897820
8268.750000	-65.648659
8311.816406	-67.663498
8354.882812	-67.625351
8397.949219	-67.219048
8441.015625	-66.748421
8484.082031	-66.835426
8527.148438	-68.191734
8570.214844	-67.565231
8613.281250	-66.942398
8656.347656	-68.304756
8699.414062	-69.367279
8742.480469	-68.440422
8785.546875	-66.770042
8828.613281	-67.018845
8871.679688	-71.915215
8914.746094	-73.167984
8957.812500	-72.116837
9000.878906	-71.966286
9043.945312	-71.453232
9087.011719	-72.625015
9130.078125	-72.081291
9173.144531	-70.804070
9216.210938	-71.806686
9259.277344	-73.957138
9302.343750	-73.491249
9345.410156	-72.229050
9388.476562	-70.787399
9431.542969	-68.545372
9474.609375	-70.345795
9517.675781	-70.417175
9560.742188	-70.369339
9603.808594	-70.775696
9646.875000	-68.768341
9689.941406	-70.601921
9733.007812	-72.012421
9776.074219	-73.168266
9819.140625	-73.215996
9862.207031	-72.586342
9905.273438	-73.211792
9948.339844	-73.786003
9991.406250	-71.546707
10034.472656	-66.145256
10077.539062	-65.098862
10120.605469	-70.947372
10163.671875	-72.994705
10206.738281	-72.228798
10249.804688	-68.668571
10292.871094	-69.997078
10335.937500	-73.375748
10379.003906	-74.458748
10422.070312	-73.725693
10465.136719	-70.345520
10508.203125	-71.087830
10551.269531	-73.377670
10594.335938	-73.688797
10637.402344	-73.379715
10680.468750	-72.303291
10723.535156	-74.280891
10766.601562	-74.387634
10809.667969	-74.865288
10852.734375	-74.332359
10895.800781	-73.584900
10938.867188	-73.238869
10981.933594	-74.797569
11025.000000	-76.511009
11068.066406	-75.384727
11111.132812	-72.673721
11154.199219	-73.889969
11197.265625	-74.911201
11240.332031	-73.012482
11283.398438	-75.306992
11326.464844	-75.838203
11369.531250	-74.914658
11412.597656	-76.369385
11455.664062	-76.134697
11498.730469	-76.663757
11541.796875	-74.944756
11584.863281	-75.035522
11627.929688	-75.436096
11670.996094	-74.752602
11714.062500	-75.333321
11757.128906	-74.680214
11800.195312	-73.921272
11843.261719	-74.987411
11886.328125	-76.118385
11929.394531	-74.838753
11972.460938	-71.831711
12015.527344	-73.079399
12058.593750	-75.953880
12101.660156	-75.869675
12144.726562	-75.510818
12187.792969	-74.730736
12230.859375	-75.058037
12273.925781	-76.796318
12316.992188	-75.878777
12360.058594	-75.766182
12403.125000	-75.132919
12446.191406	-75.123039
12489.257812	-75.278488
12532.324219	-75.869942
12575.390625	-75.183884
12618.457031	-74.139351
12661.523438	-72.961647
12704.589844	-72.838905
12747.656250	-73.432014
12790.722656	-72.738518
12833.789062	-71.997208
12876.855469	-73.239563
12919.921875	-73.900345
12962.988281	-74.252808
13006.054688	-74.457603
13049.121094	-72.430000
13092.187500	-72.263405
13135.253906	-73.399635
13178.320312	-73.375038
13221.386719	-74.907318
13264.453125	-75.839966
13307.519531	-75.551155
13350.585938	-74.944740
13393.652344	-74.480415
13436.718750	-72.913734
13479.785156	-72.808495
13522.851562	-71.592064
13565.917969	-71.461723
13608.984375	-75.021011
13652.050781	-72.847839
13695.117188	-70.954193
13738.183594	-70.533554
13781.250000	-73.654457
13824.316406	-75.323296
13867.382812	-74.494171
13910.449219	-73.487122
13953.515625	-72.111809
13996.582031	-72.429321
14039.648438	-73.976326
14082.714844	-74.916618
14125.781250	-74.533783
14168.847656	-73.791321
14211.914062	-73.525543
14254.980469	-74.313797
14298.046875	-74.573174
14341.113281	-74.259804
14384.179688	-73.574257
14427.246094	-71.919243
14470.312500	-72.625069
14513.378906	-73.663620
14556.445312	-72.819099
14599.511719	-72.571083
14642.578125	-70.767693
14685.644531	-71.304817
14728.710938	-71.865234
14771.777344	-70.772560
14814.843750	-69.478966
14857.910156	-71.514603
14900.976562	-72.323853
14944.042969	-73.394516
14987.109375	-72.375359
15030.175781	-73.185249
15073.242188	-73.465302
15116.308594	-71.736160
15159.375000	-72.456078
15202.441406	-71.332443
15245.507812	-71.775986
15288.574219	-72.456947
15331.640625	-70.500328
15374.707031	-70.216026
15417.773438	-71.562614
15460.839844	-73.239449
15503.906250	-71.778069
15546.972656	-71.674385
15590.039062	-71.409752
15633.105469	-70.085327
15676.171875	-68.472839
15719.238281	-71.537315
15762.304688	-72.269287
15805.371094	-72.167908
15848.437500	-72.409691
15891.503906	-72.436157
15934.570312	-70.811516
15977.636719	-68.949829
16020.703125	-69.269234
16063.769531	-69.751755
16106.835938	-69.620972
16149.902344	-70.001015
16192.968750	-69.919891
16236.035156	-68.453491
16279.101562	-69.245499
16322.167969	-70.552330
16365.234375	-71.558395
16408.300781	-71.317520
16451.367188	-70.296600
16494.433594	-69.954086
16537.500000	-68.900749
16580.566406	-67.815224
16623.632812	-67.935349
16666.699219	-70.517975
16709.765625	-70.413246
16752.832031	-70.332115
16795.898438	-70.273712
16838.964844	-70.984962
16882.031250	-71.549454
16925.097656	-71.650513
16968.164062	-70.839996
17011.230469	-71.297462
17054.296875	-72.176270
17097.363281	-71.649704
17140.429688	-71.678818
17183.496094	-72.020164
17226.562500	-72.830986
17269.628906	-73.717491
17312.695312	-73.945869
17355.761719	-73.643532
17398.828125	-73.769577
17441.894531	-72.844475
17484.960938	-73.422615
17528.027344	-75.267700
17571.093750	-74.431854
17614.160156	-74.532326
17657.226562	-72.811035
17700.292969	-73.154991
17743.359375	-74.441475
17786.425781	-75.523331
17829.492188	-74.522858
17872.558594	-72.790710
17915.625000	-74.864975
17958.691406	-75.447365
18001.757812	-74.986855
18044.824219	-74.489151
18087.890625	-73.308052
18130.957031	-74.390778
18174.023438	-76.038055
18217.089844	-76.136536
18260.156250	-76.296150
18303.222656	-74.423096
18346.289062	-73.413887
18389.355469	-74.285080
18432.421875	-74.671135
18475.488281	-75.071915
18518.554688	-75.709984
18561.621094	-76.006187
18604.687500	-75.497375
18647.753906	-74.741768
18690.820312	-75.294296
18733.886719	-75.965439
18776.953125	-76.778290
18820.019531	-76.199997
18863.085938	-75.816902
18906.152344	-76.320442
18949.218750	-77.042496
18992.285156	-75.704483
19035.351562	-73.568268
19078.417969	-72.772469
19121.484375	-75.891998
19164.550781	-76.171227
19207.617188	-76.421867
19250.683594	-76.949135
19293.750000	-76.987129
19336.816406	-76.389091
19379.882812	-76.419197
19422.949219	-75.189339
19466.015625	-74.614639
19509.082031	-75.052162
19552.148438	-75.364143
19595.214844	-75.499710
19638.281250	-75.572418
19681.347656	-76.062317
19724.414062	-75.620468
19767.480469	-74.724503
19810.546875	-75.309387
19853.613281	-75.964096
19896.679688	-76.229271
19939.746094	-76.500854
19982.812500	-76.097916
20025.878906	-75.760391
20068.945312	-75.346588
20112.011719	-76.978584
20155.078125	-77.026398
20198.144531	-76.419067
20241.210938	-76.795578
20284.277344	-77.762390
20327.343750	-77.053780
20370.410156	-76.688705
20413.476562	-76.816109
20456.542969	-76.040779
20499.609375	-75.807983
20542.675781	-77.011620
20585.742188	-76.881401
20628.808594	-76.637825
20671.875000	-77.766785
20714.941406	-77.150673
20758.007812	-77.364304
20801.074219	-77.647736
20844.140625	-78.577438
20887.207031	-80.051376
20930.273438	-80.027458
20973.339844	-80.102615
21016.406250	-79.711884
21059.472656	-79.381706
21102.539062	-80.678528
21145.605469	-80.292084
21188.671875	-79.836578
21231.738281	-80.341858
21274.804688	-81.287643
21317.871094	-82.378792
21360.937500	-82.725243
21404.003906	-82.803520
21447.070312	-82.881668
21490.136719	-83.291862
21533.203125	-84.796646
21576.269531	-84.222000
21619.335938	-83.560730
21662.402344	-84.770210
21705.468750	-81.516235
21748.535156	-81.416214
21791.601562	-87.000801
21834.667969	-87.546875
21877.734375	-88.102325
21920.800781	-88.703819
21963.867188	-87.695358
22006.933594	-88.095322
