Frequency (Hz)	Level (dB)
43.066406	-41.099319
86.132812	-42.424259
129.199219	-41.093155
172.265625	-39.066319
215.332031	-40.134144
258.398438	-38.290314
301.464844	-23.750839
344.531250	-21.990923
387.597656	-32.862919
430.664062	-49.489738
473.730469	-52.285908
516.796875	-57.292606
559.863281	-57.101318
602.929688	-40.101414
645.996094	-30.270155
689.062500	-32.788559
732.128906	-49.317410
775.195312	-52.962940
818.261719	-55.166859
861.328125	-57.567074
904.394531	-57.561028
947.460938	-37.078545
990.527344	-31.985191
1033.593750	-38.814728
1076.660156	-57.435173
1119.726562	-61.132786
1162.792969	-60.049088
1205.859375	-56.452431
1248.925781	-57.157101
1291.992188	-48.637302
1335.058594	-47.615231
1378.125000	-56.344334
1421.191406	-59.578262
1464.257812	-61.359310
1507.324219	-60.305840
1550.390625	-61.930958
1593.457031	-52.424007
1636.523438	-44.279423
1679.589844	-47.344402
1722.656250	-60.798111
1765.722656	-62.006451
1808.789062	-61.716549
1851.855469	-62.761189
1894.921875	-63.671314
1937.988281	-46.667446
1981.054688	-42.224018
2024.121094	-49.557514
2067.187500	-66.252190
2110.253906	-65.588951
2153.320312	-66.405869
2196.386719	-66.035759
2239.453125	-65.124580
2282.519531	-57.329479
2325.585938	-57.012260
2368.652344	-64.634018
2411.718750	-65.744064
2454.785156	-65.644630
2497.851562	-66.562698
2540.917969	-66.438034
2583.984375	-66.572144
2627.050781	-65.327171
2670.117188	-66.936272
2713.183594	-67.119377
2756.250000	-67.289635
2799.316406	-67.964897
2842.382812	-66.518318
2885.449219	-66.291039
2928.515625	-57.821869
2971.582031	-53.674522
3014.648438	-60.531746
3057.714844	-67.648170
3100.781250	-68.027618
3143.847656	-68.525604
3186.914062	-68.315491
3229.980469	-64.291817
3273.046875	-51.938221
3316.113281	-51.564884
3359.179688	-63.432442
3402.246094	-69.811554
3445.312500	-70.713394
3488.378906	-70.593872
3531.445312	-69.663559
3574.511719	-57.762634
3617.578125	-49.495914
3660.644531	-53.102367
3703.710938	-69.660583
3746.777344	-70.891350
3789.843750	-71.306679
3832.910156	-70.524086
3875.976562	-69.871597
3919.042969	-69.455460
3962.109375	-68.006493
4005.175781	-68.137001
4048.242188	-68.655396
4091.308594	-69.127197
4134.375000	-69.964478
4177.441406	-69.809509
4220.507812	-68.641785
4263.574219	-58.051579
4306.640625	-57.621799
4349.707031	-67.683372
4392.773438	-71.500038
4435.839844	-71.061783
4478.906250	-71.342125
4521.972656	-69.927658
4565.039062	-61.597172
4608.105469	-52.756733
4651.171875	-55.920647
4694.238281	-71.156586
4737.304688	-69.975288
4780.371094	-68.851440
4823.437500	-69.258171
4866.503906	-69.054695
4909.570312	-65.116554
4952.636719	-61.899227
4995.703125	-67.223793
5038.769531	-71.357384
5081.835938	-71.052284
5124.902344	-70.978203
5167.968750	-70.719269
5211.035156	-71.615150
5254.101562	-67.426018
5297.167969	-66.343910
5340.234375	-70.615150
5383.300781	-70.726158
5426.367188	-71.858543
5469.433594	-72.550949
5512.500000	-73.082481
5555.566406	-70.795242
5598.632812	-64.214066
5641.699219	-65.948090
5684.765625	-72.334404
5727.832031	-72.455276
5770.898438	-72.721771
5813.964844	-72.004829
5857.031250	-71.269882
5900.097656	-60.042473
5943.164062	-53.460487
5986.230469	-58.613338
6029.296875	-72.321037
6072.363281	-71.804802
6115.429688	-72.896996
6158.496094	-71.872971
6201.562500	-72.149094
6244.628906	-59.714470
6287.695312	-56.341930
6330.761719	-64.625473
6373.828125	-73.506569
6416.894531	-73.062996
6459.960938	-73.313751
6503.027344	-73.109238
6546.093750	-73.213837
6589.160156	-68.660095
6632.226562	-68.858620
6675.292969	-73.512718
6718.359375	-74.129791
6761.425781	-74.497528
6804.492188	-74.787727
6847.558594	-74.328453
6890.625000	-66.523911
6933.691406	-57.703739
6976.757812	-60.547657
7019.824219	-73.342041
7062.890625	-74.642967
7105.957031	-74.327965
7149.023438	-74.222893
7192.089844	-74.316483
7235.156250	-66.490448
7278.222656	-61.078125
7321.289062	-66.426483
7364.355469	-74.459099
7407.421875	-75.126617
7450.488281	-74.818008
7493.554688	-74.270950
7536.621094	-73.608925
7579.687500	-64.988480
7622.753906	-62.738567
7665.820312	-70.496803
7708.886719	-73.838539
7751.953125	-74.385796
7795.019531	-74.969238
7838.085938	-74.311424
7881.152344	-73.963799
7924.218750	-68.481400
7967.285156	-68.698540
8010.351562	-73.939400
8053.417969	-74.495277
8096.484375	-74.981979
8139.550781	-74.313347
8182.617188	-74.015274
8225.683594	-72.681847
8268.750000	-66.446609
8311.816406	-68.727448
8354.882812	-75.253700
8397.949219	-75.539040
8441.015625	-76.167465
8484.082031	-75.612061
8527.148438	-76.438568
8570.214844	-68.597107
8613.281250	-63.085339
8656.347656	-68.828133
8699.414062	-74.647758
8742.480469	-75.969337
8785.546875	-76.258659
8828.613281	-76.086380
8871.679688	-75.895149
8914.746094	-65.128326
8957.812500	-61.225883
9000.878906	-68.321854
9043.945312	-77.523506
9087.011719	-77.315010
9130.078125	-77.133080
9173.144531	-76.417679
9216.210938	-76.721184
9259.277344	-70.277832
9302.343750	-68.825851
9345.410156	-75.673409
9388.476562	-75.415764
9431.542969	-76.562889
9474.609375	-76.014442
9517.675781	-74.074364
9560.742188	-67.076721
9603.808594	-55.764957
9646.875000	-56.292595
9689.941406	-69.986748
9733.007812	-74.697563
9776.074219	-75.506950
9819.140625	-75.053589
9862.207031	-74.758202
9905.273438	-63.583878
9948.339844	-53.876301
9991.406250	-56.375381
10034.472656	-72.810814
10077.539062	-76.834076
10120.605469	-76.231865
10163.671875	-75.929771
10206.738281	-76.524750
10249.804688	-69.093849
10292.871094	-62.874180
10335.937500	-67.428070
10379.003906	-75.833855
10422.070312	-76.401482
10465.136719	-76.366356
10508.203125	-77.256317
10551.269531	-77.320580
10594.335938	-68.992348
10637.402344	-63.734119
10680.468750	-69.693893
10723.535156	-78.194817
10766.601562	-77.409081
10809.667969	-76.926132
10852.734375	-73.576996
10895.800781	-70.067871
10938.867188	-58.549019
10981.933594	-54.439312
11025.000000	-61.824764
11068.066406	-77.307228
11111.132812	-76.974419
11154.199219	-76.830971
11197.265625	-75.528656
11240.332031	-74.492569
11283.398438	-56.283409
11326.464844	-52.922028
11369.531250	-61.733921
11412.597656	-75.531487
11455.664062	-75.754112
11498.730469	-74.205894
11541.796875	-76.123245
11584.863281	-75.808205
11627.929688	-70.480576
11670.996094	-69.779778
11714.062500	-75.323143
11757.128906	-76.141212
11800.195312	-76.381248
11843.261719	-76.867203
11886.328125	-75.422722
11929.394531	-74.785179
11972.460938	-60.451603
12015.527344	-58.544823
12058.593750	-68.765427
12101.660156	-76.266327
12144.726562	-75.721939
12187.792969	-76.205849
12230.859375	-74.203674
12273.925781	-61.908318
12316.992188	-48.395908
12360.058594	-48.412243
12403.125000	-62.157436
12446.191406	-75.026283
12489.257812	-77.324577
12532.324219	-76.336731
12575.390625	-75.994942
12618.457031	-69.464645
12661.523438	-58.165936
12704.589844	-58.691307
12747.656250	-70.842010
12790.722656	-75.247574
12833.789062	-74.096405
12876.855469	-72.623558
12919.921875	-72.230377
12962.988281	-61.846359
13006.054688	-50.605824
13049.121094	-51.410427
13092.187500	-63.894890
13135.253906	-71.188232
13178.320312	-72.645187
13221.386719	-72.112434
13264.453125	-70.405067
13307.519531	-60.266483
13350.585938	-48.530098
13393.652344	-49.789036
13436.718750	-66.312653
13479.785156	-73.942482
13522.851562	-74.538155
13565.917969	-73.508331
13608.984375	-73.453178
13652.050781	-60.130699
13695.117188	-48.787922
13738.183594	-49.999638
13781.250000	-65.254204
13824.316406	-73.648621
13867.382812	-72.096924
13910.449219	-75.014824
13953.515625	-75.122726
13996.582031	-64.029114
14039.648438	-52.245819
14082.714844	-53.107723
14125.781250	-66.030205
14168.847656	-73.443741
14211.914062	-73.148201
14254.980469	-74.061279
14298.046875	-75.072220
14341.113281	-71.515083
14384.179688	-63.079746
14427.246094	-63.899982
14470.312500	-71.945992
14513.378906	-73.041588
14556.445312	-73.378944
14599.511719	-74.947716
14642.578125	-74.755348
14685.644531	-71.628258
14728.710938	-61.545551
14771.777344	-62.463692
14814.843750	-73.825478
14857.910156	-75.059441
14900.976562	-74.344284
14944.042969	-71.794510
14987.109375	-69.858841
15030.175781	-63.370731
15073.242188	-50.485527
15116.308594	-50.319778
15159.375000	-64.477783
15202.441406	-71.220070
15245.507812	-71.382530
15288.574219	-71.894852
15331.640625	-71.423088
15374.707031	-64.017410
15417.773438	-48.067360
15460.839844	-46.495197
15503.906250	-57.072258
15546.972656	-69.236038
15590.039062	-69.923019
15633.105469	-71.560493
15676.171875	-71.208191
15719.238281	-66.711594
15762.304688	-48.623425
15805.371094	-46.071384
15848.437500	-55.763744
15891.503906	-69.935669
15934.570312	-71.597580
15977.636719	-70.586456
16020.703125	-69.589325
16063.769531	-68.125099
16106.835938	-48.752445
16149.902344	-44.658588
16192.968750	-52.624920
16236.035156	-69.648567
16279.101562	-69.977928
16322.167969	-71.213867
16365.234375	-71.509338
16408.300781	-70.296738
16451.367188	-49.490688
16494.433594	-43.513657
16537.500000	-49.348728
16580.566406	-69.294960
16623.632812	-70.184418
16666.699219	-71.729546
16709.765625	-73.151268
16752.832031	-72.032204
16795.898438	-56.434032
16838.964844	-48.672268
16882.031250	-52.662247
16925.097656	-71.093567
16968.164062	-71.689651
17011.230469	-70.576706
17054.296875	-70.901093
17097.363281	-71.373962
17140.429688	-59.865047
17183.496094	-50.350201
17226.562500	-53.080826
17269.628906	-68.731270
17312.695312	-72.950958
17355.761719	-73.163696
17398.828125	-73.188828
17441.894531	-72.491852
17484.960938	-71.769905
17528.027344	-63.059723
17571.093750	-63.950321
17614.160156	-73.587776
17657.226562	-71.752151
17700.292969	-71.136734
17743.359375	-72.044159
17786.425781	-72.181915
17829.492188	-72.528450
17872.558594	-54.533455
17915.625000	-51.723267
17958.691406	-61.591942
18001.757812	-73.475571
18044.824219	-75.251854
18087.890625	-76.634262
18130.957031	-73.898956
18174.023438	-72.623627
18217.089844	-66.698532
18260.156250	-62.044785
18303.222656	-68.402412
18346.289062	-74.636635
18389.355469	-75.443619
18432.421875	-75.653702
18475.488281	-76.048065
18518.554688	-75.072922
18561.621094	-60.121265
18604.687500	-51.941231
18647.753906	-55.765553
18690.820312	-73.819336
18733.886719	-75.855759
18776.953125	-75.927986
18820.019531	-77.166656
18863.085938	-75.811913
18906.152344	-66.503738
18949.218750	-52.520794
18992.285156	-52.283390
19035.351562	-65.039879
19078.417969	-75.965370
19121.484375	-76.785774
19164.550781	-76.530586
19207.617188	-76.021347
19250.683594	-74.670158
19293.750000	-58.633789
19336.816406	-55.207073
19379.882812	-63.502502
19422.949219	-76.595871
19466.015625	-75.620476
19509.082031	-75.594894
19552.148438	-75.906914
19595.214844	-75.836121
19638.281250	-60.135422
19681.347656	-52.400375
19724.414062	-56.412235
19767.480469	-74.971794
19810.546875	-77.054260
19853.613281	-76.670746
19896.679688	-76.048843
19939.746094	-75.694061
19982.812500	-71.495979
20025.878906	-59.800549
20068.945312	-59.713673
20112.011719	-72.121811
20155.078125	-75.578888
20198.144531	-76.454491
20241.210938	-76.157608
20284.277344	-77.172394
20327.343750	-76.729965
20370.410156	-75.346672
20413.476562	-74.526039
20456.542969	-76.065933
20499.609375	-76.534325
20542.675781	-76.685791
20585.742188	-77.251106
20628.808594	-77.233315
20671.875000	-77.614990
20714.941406	-68.926674
20758.007812	-59.191406
20801.074219	-61.586147
20844.140625	-77.314903
20887.207031	-79.372192
20930.273438	-79.268051
20973.339844	-78.333504
21016.406250	-78.740608
21059.472656	-77.345787
21102.539062	-62.567173
21145.605469	-60.535168
21188.671875	-70.968750
21231.738281	-80.014397
21274.804688	-80.343765
21317.871094	-80.983604
21360.937500	-82.599792
21404.003906	-82.428917
21447.070312	-77.278206
21490.136719	-69.867447
21533.203125	-72.938957
21576.269531	-81.888145
21619.335938	-85.306168
21662.402344	-85.070381
21705.468750	-82.819572
21748.535156	-83.856415
21791.601562	-86.005684
21834.667969	-74.308136
21877.734375	-71.713470
21920.800781	-79.733955
21963.867188	-83.727478
22006.933594	-86.382317
